426
426
656
656
656
655
655
79
80
81
638
639
640
641
642
341
341
342
342
343
344
670
671
672
673
646
647
647
648
648
436
436
436
657
657
658
659
660
345
346
346
347
348
348
349
350
351
352
353
166
166
165
412
413
414
415
416
417
418
419
420
278
278
279
279
280
281
281
281
93
400
401
585
586
587
588
589
590
402
94
734
735
736
737
522
522
522
674
675
676
677
82
83
83
84
85
85
791
791
791
220
53
54
54
764
764
764
768
769
769
64
64
738
739
740
741
545
546
724
725
726
727
464
464
465
466
403
289
289
290
291
292
292
292
293
294
221
295
296
634
635
635
636
637
792
793
794
669
669
667
668
443
441
439
438
442
437
437
440
63
268
271
270
265
272
261
262
262
273
259
259
269
269
274
266
264
267
260
263
197
197
203
208
200
204
198
206
195
189
191
191
193
199
188
192
202
785
784
786
201
207
205
190
196
194
632
631
629
633
630
276
276
277
277
277
512
511
510
510
513
514
509
628
626
329
329
332
331
326
323
330
327
328
324
325
333
627
627
684
683
685
682
169
170
173
174
167
172
171
168
168
28
627
32
35
33
31
36
666
663
665
664
34
29
29
760
759
761
30
710
709
707
708
321
321
321
322
704
703
706
705
613
611
610
612
609
444
444
599
600
597
601
598
602
678
680
679
681
157
157
445
446
447
448
449
450
450
451
179
180
180
181
181
182
183
183
184
184
185
186
186
603
604
605
606
607
608
770
771
772
765
765
765
541
539
542
543
544
540
275
275
306
306
306
304
434
433
432
428
430
431
429
429
429
303
305
488
485
489
486
490
487
484
56
56
654
654
654
653
653
516
518
519
520
521
515
517
574
572
573
569
571
570
258
258
55
55
156
156
297
426
297
721
721
427
427
722
723
283
214
88
688
556
567
701
702
65
374
230
453
311
87
41
729
615
467
406
702
780
61
553
393
409
730
468
307
334
255
97
405
407
236
711
399
651
253
375
78
249
718
503
46
229
652
95
789
225
781
229
311
235
790
717
238
469
767
492
790
75
216
394
222
144
250
457
209
686
470
376
525
661
728
563
576
213
23
423
152
533
742
284
47
366
71
302
369
554
367
5
713
798
282
534
240
547
239
778
312
315
749
73
58
621
42
257
525
69
460
17
471
564
377
576
370
620
719
236
18
398
537
236
523
408
624
798
395
243
746
367
217
453
452
244
650
356
338
74
235
698
62
152
548
623
409
582
14
556
160
245
44
580
528
212
242
559
494
797
624
712
732
398
159
72
780
237
96
370
524
696
495
227
422
46
231
404
232
560
549
92
690
308
396
435
175
458
532
163
575
37
10
747
649
20
371
555
285
748
228
315
776
421
691
406
779
454
362
354
661
211
378
215
411
779
316
214
87
459
696
254
226
747
319
223
749
310
562
19
379
565
530
619
531
12
178
68
177
614
538
778
788
766
550
551
57
625
758
755
51
239
75
12
581
90
45
687
692
380
491
89
763
99
381
363
309
364
233
251
399
312
795
98
95
76
13
27
499
339
461
26
2
767
747
70
711
372
336
15
689
365
693
779
11
50
147
743
460
9
91
309
373
651
155
406
500
456
96
67
367
777
536
146
529
762
154
22
222
714
496
756
40
506
1
592
744
566
256
750
313
618
776
320
577
151
148
499
695
410
504
43
745
282
218
286
361
493
782
318
593
616
780
61
382
150
317
754
178
252
161
425
151
356
24
314
729
729
733
582
145
594
335
619
535
462
42
619
694
711
228
337
687
302
77
13
463
578
340
288
799
472
60
37
97
579
399
219
25
227
617
557
397
287
11
163
234
49
591
778
23
720
763
149
16
153
526
561
27
622
383
661
4
160
773
552
176
212
716
456
16
15
162
187
501
312
567
210
455
21
783
527
774
144
213
787
424
316
176
241
158
368
525
3
754
596
699
219
38
285
731
697
583
473
502
662
70
497
474
164
498
48
696
100
302
757
66
687
370
248
397
17
229
101
690
355
249
700
483
287
88
775
554
595
584
453
52
246
701
247
356
507
508
252
508
7
86
796
224
790
505
8
524
39
482
715
568
563
73
558
6
411
134
128
59
120
115
122
126
117
118
139
138
130
116
140
142
131
102
104
105
106
107
108
109
110
111
112
103
113
114
384
385
386
386
387
388
389
390
391
392
123
143
137
129
121
136
125
133
119
135
127
124
643
141
357
645
360
359
644
645
359
358
643
751
753
752
301
0
0
301
298
299
301
477
481
479
478
476
475
480
300
132
