389
389
387
387
387
387
387
113
114
115
116
116
116
116
116
116
116
116
116
116
116
117
117
117
117
15
15
15
15
15
15
15
15
186
186
186
186
186
219
219
219
219
219
219
219
219
219
219
219
221
221
220
365
365
365
365
365
365
365
365
365
366
366
367
367
368
369
369
369
132
133
133
133
133
133
133
133
133
133
134
10
10
10
10
10
10
10
118
118
118
118
119
120
120
121
122
122
293
293
293
294
73
74
74
75
75
75
90
90
90
91
91
92
92
92
92
92
92
135
135
135
135
135
135
135
135
135
378
378
379
380
381
381
381
382
383
295
384
385
386
386
386
386
386
296
296
296
78
78
78
78
53
53
53
53
53
53
53
53
89
352
355
354
349
356
345
346
346
357
343
343
353
353
358
350
348
351
344
347
266
266
272
277
269
273
267
275
263
257
259
259
261
268
256
260
271
265
265
265
270
276
274
258
264
262
364
364
364
364
364
361
361
362
362
362
363
363
363
363
363
363
363
224
224
223
223
223
223
223
223
223
223
223
223
223
223
224
224
229
229
229
229
226
227
231
232
222
230
228
225
225
42
224
47
50
48
45
52
51
51
51
51
49
43
43
46
46
46
44
210
210
210
210
210
210
210
210
210
210
210
210
41
41
41
41
41
211
211
211
211
211
211
211
211
206
206
206
206
209
209
240
240
240
240
240
240
240
240
241
242
242
243
243
244
245
245
246
246
247
248
248
249
249
249
249
249
249
93
93
93
76
76
76
80
80
80
80
80
80
360
360
402
402
402
400
399
399
399
399
399
399
399
399
399
398
401
207
207
207
207
207
207
207
79
79
341
341
341
341
341
342
342
342
342
342
342
342
342
342
342
342
342
342
340
340
77
77
208
208
388
389
388
389
389
389
389
389
389
371
287
125
252
254
397
359
359
94
309
308
234
98
124
60
239
56
103
198
359
194
86
254
108
198
323
103
98
234
337
138
198
198
316
255
127
4
335
309
112
330
127
333
65
307
4
136
279
301
237
307
98
315
283
127
318
103
88
239
283
107
289
108
297
189
331
35
278
251
103
309
188
37
239
395
187
286
33
29
201
70
29
372
66
203
102
396
203
254
203
12
108
304
370
70
320
253
319
128
98
98
187
105
82
85
61
339
188
100
35
26
103
397
309
187
255
85
127
316
27
127
70
316
188
198
195
304
108
324
373
203
290
234
234
325
4
6
35
106
315
299
87
201
253
195
198
6
23
254
214
326
63
6
11
282
322
395
314
303
195
255
323
127
213
104
194
317
137
255
188
285
314
305
29
65
310
198
311
395
253
131
252
98
108
103
233
35
11
217
187
54
19
373
4
30
255
254
374
187
306
98
111
29
284
198
143
234
203
6
37
281
309
288
199
143
29
287
124
35
285
336
302
373
187
298
187
98
395
28
309
397
11
85
11
21
238
99
236
56
70
128
279
88
253
253
81
195
39
14
71
319
107
21
6
129
64
251
284
309
239
126
59
140
309
203
98
203
312
332
127
98
303
139
136
109
22
40
314
35
35
38
7
88
373
101
255
255
234
24
252
203
284
143
20
69
192
29
35
18
130
98
255
4
205
198
323
234
137
96
203
111
70
191
11
59
204
32
297
108
314
39
58
333
5
199
29
397
338
187
98
56
111
187
187
200
193
314
285
199
333
62
29
370
291
375
103
239
237
29
199
56
194
86
309
197
29
14
238
334
215
29
200
6
34
98
239
239
323
6
190
199
234
85
70
35
61
85
284
255
306
234
251
396
110
22
35
187
35
377
304
103
84
54
138
187
127
292
36
305
56
373
108
376
20
217
313
68
199
128
33
127
59
196
25
202
188
395
40
195
309
37
9
214
97
253
235
282
108
234
25
24
216
250
323
98
397
280
234
31
237
11
97
189
286
279
29
29
235
321
212
203
188
8
14
199
299
292
55
374
323
299
6
103
323
37
101
314
103
218
314
67
285
141
396
39
95
251
255
329
108
26
307
142
252
6
330
299
4
376
125
97
254
199
6
234
72
327
359
328
6
333
333
334
333
16
123
303
300
283
333
17
188
57
4
108
397
395
105
373
13
199
176
170
83
162
157
164
168
159
160
181
180
172
158
182
184
173
144
146
147
148
149
150
151
152
153
154
145
155
156
390
390
390
390
390
390
390
390
390
390
165
185
179
171
163
178
167
175
161
177
169
166
1
183
1
1
1
1
1
1
1
1
1
3
3
3
394
0
0
394
391
392
394
2
2
2
2
2
2
2
393
174
