22
22
22
22
22
22
22
132
133
134
135
135
135
135
135
135
135
135
135
135
135
136
136
136
136
21
21
21
21
21
21
21
21
20
20
20
20
20
20
20
20
20
20
20
20
20
20
20
20
20
20
20
20
20
20
20
20
20
20
20
20
20
20
20
20
20
20
20
20
153
154
154
154
154
154
154
154
154
154
155
11
11
11
11
11
11
11
137
137
137
137
138
139
139
140
141
141
142
142
142
142
85
86
86
87
87
87
109
109
109
110
110
111
111
111
111
111
111
156
156
156
156
156
156
156
156
156
142
142
142
142
142
142
142
142
142
142
142
142
142
142
142
142
142
142
142
142
92
92
92
92
64
64
64
64
64
64
64
64
108
107
107
107
107
107
107
107
107
107
107
107
107
107
107
107
107
107
107
107
106
106
106
106
106
106
106
106
106
106
106
106
106
106
106
106
106
106
106
106
106
106
106
106
106
106
105
105
105
105
105
105
105
105
105
105
105
105
105
105
105
105
105
61
61
61
61
61
61
61
61
61
61
61
61
61
61
61
61
61
61
61
61
61
61
61
61
61
61
61
61
61
52
61
57
60
58
55
63
62
62
62
62
59
53
53
56
56
56
54
91
91
91
91
91
91
91
91
91
91
91
91
51
51
51
51
51
91
91
91
91
91
91
91
91
91
91
91
91
91
91
157
157
157
157
157
157
157
157
157
157
157
157
157
157
157
157
157
157
157
157
157
157
157
157
157
157
157
112
112
112
88
88
88
95
95
95
95
95
95
93
93
93
93
93
93
93
93
93
93
93
93
93
93
93
93
93
91
91
91
91
91
91
91
94
94
89
89
89
89
89
89
89
89
89
89
89
89
89
89
89
89
89
89
89
89
90
90
91
91
22
22
22
22
22
22
22
22
22
38
146
145
23
23
15
15
15
113
162
162
34
117
144
71
34
67
122
13
15
12
101
23
127
13
17
122
117
34
74
160
13
13
17
23
148
5
74
162
131
74
148
74
77
103
5
158
146
103
34
103
117
15
146
148
17
122
104
34
146
126
146
127
103
12
74
45
146
15
122
162
12
47
34
15
12
146
43
39
13
82
39
38
78
13
121
15
13
23
13
16
127
103
38
82
17
23
17
149
117
117
12
124
97
100
72
74
12
119
45
35
122
15
162
12
23
100
148
17
36
148
82
17
12
13
12
103
127
17
38
13
146
34
34
17
5
7
45
125
15
103
102
13
23
12
13
7
31
23
162
17
75
7
14
146
17
15
162
103
12
23
17
148
162
123
12
17
159
23
12
146
162
103
39
77
162
13
162
15
23
152
23
117
127
122
34
45
14
162
12
65
27
38
5
40
23
23
38
12
103
117
130
39
146
13
166
34
13
7
47
146
162
146
13
166
39
146
144
45
146
74
103
38
12
103
12
117
15
37
162
15
14
100
14
29
34
118
34
67
82
149
146
104
23
23
96
12
49
19
83
17
126
29
7
150
76
15
146
162
34
147
70
163
162
13
117
13
162
74
148
117
103
161
158
128
30
50
162
45
45
48
8
104
38
120
23
23
34
32
23
13
146
166
28
81
12
39
45
26
151
117
23
5
13
13
17
34
159
115
13
130
82
12
14
70
13
42
103
127
162
49
69
74
6
13
39
15
74
12
117
67
130
12
12
13
12
162
146
13
74
73
39
38
17
38
122
34
34
39
13
67
12
101
162
12
39
19
34
74
162
39
13
7
44
117
34
34
17
7
12
13
34
100
82
45
72
100
146
23
103
34
15
15
129
30
45
12
45
38
103
122
99
65
160
12
148
17
46
103
67
38
127
38
28
162
162
80
13
149
43
148
70
12
33
13
12
15
50
12
162
47
10
162
116
23
34
146
127
34
33
32
162
15
17
117
15
146
34
41
34
14
116
12
146
146
39
39
34
17
162
13
12
9
19
13
103
17
66
38
17
103
7
122
17
47
120
162
122
162
162
79
146
164
15
49
114
15
23
74
127
35
103
165
23
7
74
103
5
38
145
116
23
13
7
34
84
17
15
74
7
74
74
74
74
24
143
103
103
146
74
25
12
68
5
127
15
15
124
38
18
13
199
193
98
185
180
187
191
182
183
204
203
195
181
205
207
196
167
169
170
171
172
173
174
175
176
177
168
178
179
2
2
2
2
2
2
2
2
2
2
188
208
202
194
186
201
190
198
184
200
192
189
1
206
1
1
1
1
1
1
1
1
1
4
4
4
2
0
0
2
2
2
2
3
3
3
3
3
3
3
2
197
