496
496
350
350
350
350
350
101
102
103
402
402
402
402
402
403
403
404
404
405
406
104
104
104
104
508
508
508
508
508
507
507
507
170
170
170
170
170
407
408
408
409
410
410
411
412
413
414
415
196
196
195
481
482
483
484
485
486
487
488
489
329
329
330
330
331
332
332
332
118
467
468
469
469
469
469
469
469
470
119
559
559
559
559
559
559
559
105
105
105
105
106
107
107
108
109
109
263
263
263
264
64
65
65
66
66
66
81
81
81
82
82
83
83
83
83
83
83
537
537
537
537
538
538
539
540
471
341
341
342
343
344
344
344
345
346
265
347
348
349
349
349
349
349
266
266
266
69
69
69
69
515
513
511
510
514
509
509
512
80
317
320
319
314
321
310
311
311
322
308
308
318
318
323
315
313
316
309
312
236
236
242
247
239
243
237
245
233
227
229
229
231
238
226
230
241
235
235
235
240
246
244
228
234
232
328
328
328
328
328
326
326
327
327
327
591
590
589
589
592
593
588
198
198
390
390
393
392
387
384
391
388
389
385
386
394
198
198
203
203
203
203
200
201
205
206
197
204
202
199
199
34
198
39
42
40
37
44
43
43
43
43
41
35
35
38
38
38
36
383
383
383
383
380
380
380
381
382
382
382
382
33
33
33
33
33
517
517
516
516
516
516
516
516
185
185
185
185
187
187
518
519
520
521
522
523
523
524
212
213
213
214
214
215
216
216
217
217
218
219
219
220
220
220
220
220
220
84
84
84
67
67
67
71
71
71
71
71
71
325
325
362
362
362
360
505
504
503
499
501
502
500
500
500
359
361
565
562
566
563
567
564
561
70
70
307
307
307
307
307
595
597
598
599
600
594
596
375
375
375
375
375
375
306
306
68
68
186
186
351
496
351
497
497
498
498
497
497
334
257
112
223
225
358
324
324
85
439
278
526
367
111
51
570
47
541
474
324
176
77
225
458
477
579
542
363
395
303
122
473
475
284
438
465
557
301
440
100
297
466
582
56
277
557
120
249
271
210
277
367
283
253
466
286
543
79
569
253
96
259
459
267
171
298
530
248
222
544
441
560
29
570
356
378
256
26
493
181
61
491
335
57
430
92
357
433
225
431
7
461
274
333
61
288
224
287
114
368
371
376
94
73
76
52
305
560
90
533
20
545
358
442
378
434
76
466
284
21
464
61
284
560
476
177
274
460
291
336
431
260
526
525
292
557
419
399
95
283
269
78
181
224
177
477
417
17
225
190
293
54
417
6
252
290
356
572
273
177
438
579
464
189
93
176
285
121
434
560
255
573
275
492
56
279
472
280
356
224
117
223
364
462
506
207
531
6
193
378
45
13
336
557
23
435
225
337
376
276
371
99
490
254
474
127
527
426
416
29
251
443
258
479
127
372
257
111
532
255
302
272
336
377
268
376
366
356
22
444
358
6
76
6
15
211
89
209
47
61
114
249
79
224
224
72
177
31
9
62
287
96
15
417
115
55
222
254
445
568
113
50
124
446
427
365
428
281
299
465
368
273
123
120
97
16
32
577
400
534
30
3
79
336
91
438
436
397
18
223
429
254
127
14
60
174
491
533
12
116
365
437
557
184
474
578
529
121
87
431
99
61
173
6
50
183
25
267
461
574
31
49
585
2
480
491
358
304
376
369
47
99
379
378
180
175
577
255
478
583
53
491
333
261
338
425
571
210
374
480
47
176
77
447
179
373
9
211
300
191
495
180
419
27
370
570
570
579
417
172
480
396
76
61
535
52
76
254
438
276
398
222
357
98
16
536
378
401
340
274
546
75
45
122
378
465
262
28
275
47
336
463
339
14
193
282
59
480
114
26
466
50
178
19
182
560
356
32
177
448
29
5
190
88
224
208
252
461
529
19
18
192
221
580
368
358
250
528
24
210
6
88
171
256
249
494
372
208
289
188
432
560
4
9
480
269
262
46
337
579
269
417
547
581
29
91
575
548
194
576
58
255
125
357
31
86
222
434
296
463
20
277
126
223
418
297
269
558
339
112
88
225
480
417
526
63
294
324
295
419
586
587
300
587
10
110
273
270
253
584
11
560
48
556
461
358
356
94
336
8
479
160
154
74
146
141
148
152
143
144
165
164
156
142
166
168
157
128
130
131
132
133
134
135
136
137
138
129
139
140
449
450
451
451
452
453
454
455
456
457
149
169
163
155
147
162
151
159
145
161
153
150
422
167
420
422
424
423
422
422
423
421
422
1
1
1
355
0
0
355
352
353
355
551
555
553
552
550
549
554
354
158
