27
27
27
27
27
27
27
24
24
24
24
24
24
24
24
24
24
24
24
24
24
24
24
24
24
26
26
26
26
26
26
26
26
25
25
25
25
25
25
25
25
25
25
25
25
25
25
25
25
25
25
25
25
25
25
25
25
25
25
25
25
25
25
25
25
25
25
25
25
14
14
14
14
14
14
14
14
14
14
14
15
15
15
15
15
15
15
24
24
24
24
24
24
24
24
24
24
24
24
24
24
92
93
93
94
94
94
14
14
14
14
14
14
14
14
14
14
14
14
14
14
14
14
14
14
14
14
24
24
24
24
24
24
24
24
24
24
24
24
24
24
24
24
24
24
24
24
99
99
99
99
70
70
70
70
70
70
70
70
57
57
57
57
57
57
57
57
57
57
57
57
57
57
57
57
57
57
57
57
57
57
57
57
57
57
57
57
57
57
57
57
57
57
57
57
57
57
57
57
57
57
57
57
57
57
57
57
57
57
57
57
57
57
57
57
57
57
57
57
57
57
57
67
67
67
67
67
67
67
67
67
67
67
67
67
67
67
67
67
67
67
67
67
67
67
67
67
67
67
67
67
58
67
63
66
64
61
69
68
68
68
68
65
59
59
62
62
62
60
98
98
98
98
98
98
98
98
98
98
98
98
56
56
56
56
56
98
98
98
98
98
98
98
98
98
98
98
98
98
98
14
14
14
14
14
14
14
14
14
14
14
14
14
14
14
14
14
14
14
14
14
14
14
14
14
14
14
14
14
14
95
95
95
102
102
102
102
102
102
100
100
100
100
100
100
100
100
100
100
100
100
100
100
100
100
100
98
98
98
98
98
98
98
101
101
96
96
96
96
96
96
96
96
96
96
96
96
96
96
96
96
96
96
96
96
97
97
98
98
27
27
27
27
27
27
27
27
27
43
8
8
28
28
19
19
19
6
71
71
39
6
8
78
39
74
6
17
19
16
8
28
6
17
21
6
6
39
81
71
17
17
21
28
8
7
81
71
6
81
8
81
84
8
7
71
8
8
39
8
6
19
8
8
21
6
8
39
8
6
8
6
8
16
81
50
8
19
6
71
16
52
39
19
16
8
48
44
17
89
44
43
85
17
6
19
17
28
17
20
6
8
43
89
21
28
21
8
6
6
16
6
8
8
79
81
16
6
50
40
6
19
71
16
28
8
8
21
41
8
89
21
16
17
16
8
6
21
43
17
8
39
39
21
7
10
50
6
19
8
8
17
28
16
17
10
36
28
71
21
82
10
18
8
21
19
71
8
16
28
21
8
71
6
16
21
71
28
16
8
71
8
44
84
71
17
71
19
28
8
28
6
6
6
39
50
18
71
16
72
32
43
7
45
28
28
43
16
8
6
6
44
8
17
71
39
17
10
52
8
71
8
17
71
44
8
8
50
8
81
8
43
16
8
16
6
19
42
71
19
18
8
18
34
39
6
39
74
89
8
8
8
28
28
8
16
54
23
90
21
6
34
10
8
83
19
8
71
39
8
77
71
71
17
6
17
71
81
8
6
8
71
71
6
35
55
71
50
50
53
11
8
43
6
28
28
39
37
28
17
8
71
33
88
16
44
50
31
8
6
28
7
17
17
21
39
71
6
17
6
89
16
18
77
17
47
8
6
71
54
76
81
9
17
44
19
81
16
6
74
6
16
16
17
16
71
8
17
81
80
44
43
21
43
6
39
39
44
17
74
16
8
71
16
44
23
39
81
71
44
17
10
49
6
39
39
21
10
16
17
39
8
89
50
79
8
8
28
8
39
19
19
6
35
50
16
50
43
8
6
8
72
71
16
8
21
51
8
74
43
6
43
33
71
71
87
17
8
48
8
77
16
38
17
16
19
55
16
71
52
13
71
6
28
39
8
6
39
38
37
71
19
21
6
19
8
39
46
39
18
6
16
8
8
44
44
39
21
71
17
16
12
23
17
8
21
73
43
21
8
10
6
21
52
6
71
6
71
71
86
8
71
19
54
6
19
28
81
6
40
8
71
28
10
81
8
7
43
8
6
28
17
10
39
91
21
19
81
10
81
81
81
81
29
8
8
8
8
81
30
16
75
7
6
19
19
6
43
22
17
5
5
8
5
5
5
5
5
5
5
5
5
5
5
5
5
5
5
5
5
5
5
5
5
5
5
5
5
5
2
2
2
2
2
2
2
2
2
2
5
5
5
5
5
5
5
5
5
5
5
5
1
5
1
1
1
1
1
1
1
1
1
4
4
4
2
0
0
2
2
2
2
3
3
3
3
3
3
3
2
5
