768
768
794
795
796
594
594
58
59
60
578
579
580
581
582
294
294
295
295
296
297
607
608
609
610
586
587
587
588
588
773
774
775
595
595
596
597
598
298
299
299
300
301
301
302
303
304
305
306
897
896
130
360
361
362
363
364
365
366
367
368
238
238
239
239
240
734
735
735
68
349
350
527
528
529
530
531
532
351
69
667
668
669
670
779
780
781
611
612
613
614
61
870
871
62
872
873
832
832
831
183
40
857
857
815
814
816
698
699
699
863
864
671
672
673
674
487
488
658
659
660
661
408
408
409
410
352
248
248
249
250
737
736
738
251
252
184
253
254
574
575
575
576
577
717
718
719
606
606
604
605
388
386
384
383
387
382
382
385
46
229
232
231
226
233
222
223
223
234
220
220
230
230
235
227
225
228
221
224
160
160
166
171
163
167
161
169
158
152
154
154
156
162
151
155
165
712
711
713
164
170
168
153
159
157
572
571
569
573
570
237
237
731
733
732
456
455
454
454
457
458
453
568
567
282
282
285
284
279
276
283
280
281
277
278
286
788
790
621
620
622
619
132
133
136
137
131
135
134
899
898
19
789
22
25
23
21
26
603
600
602
601
24
850
849
692
691
693
20
645
644
642
643
751
750
752
275
639
638
641
640
555
553
552
554
551
389
389
541
542
539
543
540
544
615
617
616
618
891
890
390
391
392
393
394
395
395
396
142
143
143
144
144
145
146
146
147
147
148
149
149
545
546
547
548
549
550
700
701
702
818
817
818
483
481
484
485
486
482
236
236
746
744
745
260
380
379
378
375
376
377
772
771
770
259
261
432
429
433
430
434
431
428
860
859
791
793
792
593
593
460
462
463
464
465
459
461
516
514
515
511
513
512
219
219
858
858
888
889
255
769
255
655
655
374
374
656
657
242
177
876
624
498
509
636
637
47
324
192
776
266
875
30
808
557
411
765
637
826
861
495
343
357
663
412
262
287
216
881
354
355
728
806
762
591
214
325
57
210
652
447
855
726
592
877
716
188
708
725
266
197
830
651
199
413
697
436
828
868
179
344
185
884
211
401
172
623
414
326
782
797
662
505
518
176
845
371
886
475
675
243
34
318
52
743
320
496
756
4
647
723
241
476
201
489
200
821
747
269
681
867
42
562
853
218
783
51
404
843
415
506
327
518
759
561
653
729
11
348
479
730
466
356
565
723
345
204
679
758
180
777
397
205
590
753
291
54
197
633
45
887
490
564
357
524
10
498
892
206
32
522
470
175
203
501
438
722
565
646
665
348
126
53
827
198
879
760
467
803
439
190
370
856
193
353
194
502
491
67
626
263
346
381
138
402
474
894
517
851
9
812
589
13
321
497
244
680
191
269
706
369
627
766
822
398
314
307
798
174
328
178
359
823
270
177
874
403
805
215
189
811
273
186
681
265
504
12
329
507
472
787
473
836
141
50
140
556
480
819
715
696
492
493
41
566
690
687
38
200
869
836
523
65
33
801
628
330
435
64
695
71
331
315
264
316
195
212
763
748
720
70
878
55
838
847
443
292
405
18
1
697
813
866
806
322
289
839
625
317
629
824
834
37
118
676
404
8
66
264
323
591
124
767
444
400
880
49
757
707
478
117
471
694
123
15
185
648
440
688
29
450
0
534
677
508
217
682
267
560
706
274
519
885
119
443
631
358
448
31
678
241
181
245
313
437
709
272
535
558
825
862
332
121
271
686
141
213
127
373
885
754
16
268
809
810
666
524
116
536
288
786
477
406
854
785
630
807
191
290
802
742
56
837
407
520
293
247
724
416
44
852
882
521
764
182
17
190
559
499
347
246
835
895
196
36
533
820
846
654
695
120
841
122
468
503
848
563
333
799
3
893
703
494
139
175
650
400
842
840
128
150
445
749
509
173
399
14
710
469
704
883
176
714
372
270
139
202
125
319
784
2
686
538
634
182
27
244
664
632
525
417
446
599
865
441
418
129
442
35
804
72
743
689
48
800
761
209
347
844
727
73
626
308
210
635
427
246
876
705
496
537
526
778
39
207
636
208
755
451
452
213
452
6
63
721
187
829
449
7
467
28
426
649
510
505
867
500
5
359
106
100
43
92
87
94
98
89
90
111
110
102
88
112
114
103
74
76
77
78
79
80
81
82
83
84
75
85
86
334
335
336
336
337
338
339
340
341
342
95
115
109
101
93
108
97
105
91
107
99
96
583
113
309
585
312
311
584
585
311
310
583
683
685
684
739
833
833
740
256
257
741
421
425
423
422
420
419
424
258
104
