469
469
692
692
692
692
692
94
95
96
693
694
695
696
697
380
380
381
381
382
383
97
97
97
97
481
481
481
481
481
480
480
480
674
674
674
674
674
384
385
385
386
387
387
388
389
390
391
392
187
187
186
454
455
456
457
458
459
460
461
462
314
314
315
315
316
317
317
317
111
442
443
637
638
639
640
641
642
444
112
571
571
571
571
572
572
572
98
98
98
98
99
100
100
101
102
102
250
250
250
251
60
61
61
62
62
62
75
75
75
76
76
595
595
595
595
596
597
509
509
509
509
510
510
511
512
445
325
325
326
327
328
328
328
329
330
252
331
332
688
689
689
690
691
253
253
253
65
65
65
65
488
486
484
483
487
482
482
485
74
303
306
305
300
307
296
297
297
308
294
294
304
304
309
301
299
302
295
298
223
223
229
234
226
230
224
232
220
214
216
216
218
225
213
217
228
222
222
222
227
233
231
215
221
219
686
685
683
687
684
312
312
313
313
313
561
560
559
559
562
563
558
681
679
368
368
371
370
365
362
369
366
367
363
364
372
680
680
193
193
193
193
190
191
195
196
188
194
192
189
189
32
680
37
40
38
35
42
41
41
41
41
39
33
33
36
36
36
34
361
361
361
361
358
358
358
359
360
360
360
360
665
663
662
664
661
489
489
651
652
649
653
650
654
176
176
176
176
178
178
490
491
492
493
494
495
495
496
202
203
203
204
204
205
206
206
207
207
208
209
209
655
656
657
658
659
660
77
77
77
63
63
63
591
589
592
593
594
590
311
311
342
342
342
340
478
477
476
472
474
475
473
473
473
339
341
535
532
536
533
537
534
531
66
66
682
682
682
682
682
565
567
568
569
570
564
566
626
624
625
621
623
622
293
293
64
64
177
177
333
469
333
470
470
471
471
470
470
319
244
105
212
607
619
310
310
78
414
265
498
347
104
48
540
667
513
448
310
168
71
604
433
451
549
514
343
373
290
115
447
449
271
413
440
529
288
415
93
284
441
552
53
264
529
113
236
258
200
264
347
270
240
441
273
515
73
539
240
89
246
434
254
163
285
502
235
211
516
416
575
28
540
615
628
243
25
466
172
583
464
320
54
405
85
338
408
605
406
6
436
261
318
584
275
598
274
107
348
351
355
87
68
673
49
292
575
83
505
19
517
616
417
628
409
672
441
271
20
439
587
271
573
450
677
261
435
278
609
406
247
498
497
279
529
395
377
88
270
256
72
172
599
676
451
634
16
607
181
280
51
632
578
239
277
611
542
260
677
413
549
439
180
86
168
272
114
409
574
242
543
262
465
53
266
446
267
612
600
110
212
344
437
479
197
503
582
184
627
43
12
609
529
22
410
606
321
355
263
351
92
463
241
448
120
499
401
393
28
238
418
245
453
120
352
244
104
504
242
289
259
609
356
255
355
346
614
21
419
617
580
671
581
14
201
82
199
666
588
107
236
73
601
602
67
678
30
8
58
274
89
14
633
108
52
211
241
420
538
106
47
117
421
402
345
403
268
286
440
348
260
116
113
90
15
31
547
378
506
29
3
73
609
84
413
411
375
17
212
404
241
120
13
57
166
464
505
11
109
345
412
529
175
448
548
501
114
80
406
92
586
165
579
47
174
24
254
436
544
30
46
555
2
644
464
618
291
355
349
670
92
357
629
171
167
547
242
452
553
50
464
318
248
322
400
541
200
354
645
668
168
71
422
170
353
8
201
287
182
468
171
395
26
350
540
540
549
634
164
646
374
671
585
507
49
671
241
413
263
376
211
338
91
15
508
630
379
324
261
518
70
43
115
631
440
249
27
262
669
608
438
323
13
184
269
56
643
107
25
441
47
169
18
173
576
613
31
675
423
28
5
181
81
603
198
239
436
501
18
17
183
210
550
348
619
237
500
23
200
577
81
163
243
236
467
352
198
276
179
407
575
4
8
648
256
249
44
321
549
256
635
519
551
28
84
545
520
185
546
55
242
118
338
30
79
211
409
283
438
19
264
119
212
394
284
256
530
323
105
81
605
647
636
498
59
281
310
282
395
556
557
287
557
9
103
260
257
240
554
10
574
45
528
436
620
615
87
610
7
453
153
147
69
139
134
141
145
136
137
158
157
149
135
159
161
150
121
123
124
125
126
127
128
129
130
131
122
132
133
424
425
426
426
427
428
429
430
431
432
142
162
156
148
140
155
144
152
138
154
146
143
698
160
396
700
399
398
699
700
398
397
698
1
1
1
337
0
0
337
334
335
337
523
527
525
524
522
521
526
336
151
