18
18
18
18
18
18
18
123
124
125
126
126
126
126
126
126
126
126
126
126
126
127
127
127
127
17
17
17
17
17
17
17
17
197
197
197
197
197
231
231
231
231
231
231
231
231
231
231
231
233
233
232
234
234
234
234
234
234
234
234
234
234
234
234
234
234
234
234
234
143
144
144
144
144
144
144
144
144
144
145
11
11
11
11
11
11
11
128
128
128
128
129
130
130
131
132
132
133
133
133
133
78
79
79
80
80
80
100
100
100
101
101
102
102
102
102
102
102
146
146
146
146
146
146
146
146
146
133
133
133
133
133
133
133
133
133
133
133
133
133
133
133
133
133
133
133
133
84
84
84
84
57
57
57
57
57
57
57
57
99
98
98
98
98
98
98
98
98
98
98
98
98
98
98
98
98
98
98
98
280
280
286
291
283
287
281
289
277
271
273
273
275
282
270
274
285
279
279
279
284
290
288
272
278
276
97
97
97
97
97
97
97
97
97
97
97
97
97
97
97
97
97
237
237
236
236
236
236
236
236
236
236
236
236
236
236
237
237
242
242
242
242
239
240
244
245
235
243
241
238
238
46
237
51
54
52
49
56
55
55
55
55
53
47
47
50
50
50
48
221
221
221
221
221
221
221
221
221
221
221
221
45
45
45
45
45
222
222
222
222
222
222
222
222
217
217
217
217
220
220
253
253
253
253
253
253
253
253
254
255
255
256
256
257
258
258
259
259
260
261
261
262
262
262
262
262
262
103
103
103
81
81
81
87
87
87
87
87
87
85
85
85
85
85
85
85
85
85
85
85
85
85
85
85
85
85
218
218
218
218
218
218
218
86
86
82
82
82
82
82
82
82
82
82
82
82
82
82
82
82
82
82
82
82
82
83
83
219
219
18
18
18
18
18
18
18
18
18
32
301
136
266
268
263
263
263
104
226
226
247
108
135
64
252
60
113
209
263
205
93
268
118
209
14
113
108
247
67
149
209
209
14
269
138
5
67
226
122
67
138
67
70
95
5
147
293
95
250
95
108
263
297
138
14
113
96
252
297
117
303
118
95
200
67
39
292
265
113
226
199
41
252
263
198
300
37
33
212
75
33
32
71
214
112
263
214
268
214
13
118
95
32
75
14
267
14
139
108
108
198
115
89
92
65
67
199
110
39
29
113
263
226
198
269
92
138
14
30
138
75
14
199
209
206
95
118
14
32
214
304
247
247
14
5
7
39
116
263
95
94
212
267
206
209
7
26
268
225
14
68
7
12
296
14
263
226
95
206
269
14
138
224
114
205
14
148
269
199
299
226
95
33
70
226
209
226
263
267
142
266
108
118
113
246
39
12
229
198
58
22
32
5
34
269
268
32
198
95
108
121
33
298
209
154
247
214
7
41
295
226
302
210
154
33
301
135
39
299
67
95
32
198
95
198
108
263
31
226
263
12
92
12
24
251
109
249
60
75
139
293
96
267
267
88
206
43
16
76
14
117
24
7
140
69
265
298
226
252
137
63
151
226
214
108
214
226
67
138
108
95
150
147
119
25
44
226
39
39
42
8
96
32
111
269
269
247
27
266
214
298
154
23
74
203
33
39
21
141
108
269
5
216
209
14
247
148
106
214
121
75
202
12
63
215
36
95
118
226
43
62
67
6
210
33
263
67
198
108
60
121
198
198
211
204
226
299
210
67
66
33
32
14
32
113
252
250
33
210
60
205
93
226
208
33
16
251
67
227
33
211
7
38
108
252
252
14
7
201
210
247
92
75
39
65
92
298
269
95
247
265
263
120
25
39
198
39
32
95
113
91
58
149
198
138
14
40
95
60
32
118
32
23
229
226
73
210
139
37
138
63
207
28
213
199
263
44
206
226
41
10
225
107
267
248
296
118
247
28
27
228
264
14
108
263
294
247
35
250
12
107
200
300
293
33
33
248
14
223
214
199
9
16
210
95
14
59
32
14
95
7
113
14
41
111
226
113
230
226
72
299
152
263
43
105
265
269
67
118
29
95
153
266
7
67
95
5
32
136
107
268
210
7
247
77
14
263
67
7
67
67
67
67
19
134
95
95
297
67
20
199
61
5
118
263
263
115
32
15
210
187
181
90
173
168
175
179
170
171
192
191
183
169
193
195
184
155
157
158
159
160
161
162
163
164
165
156
166
167
2
2
2
2
2
2
2
2
2
2
176
196
190
182
174
189
178
186
172
188
180
177
1
194
1
1
1
1
1
1
1
1
1
4
4
4
2
0
0
2
2
2
2
3
3
3
3
3
3
3
2
185
