-1
-1
-1
-1
-1
-1
-1
-1
-1
-1
-1
-1
-1
-1
-1
-1
-1
-1
-1
-1
-1
-1
-1
-1
-1
-1
-1
-1
-1
-1
-1
-1
-1
-1
-1
-1
-1
-1
-1
-1
-1
-1
-1
-1
-1
-1
-1
-1
-1
-1
-1
-1
-1
-1
-1
-1
-1
-1
-1
-1
-1
-1
-1
-1
-1
-1
-1
-1
-1
-1
-1
-1
-1
-1
-1
-1
-1
-1
-1
-1
-1
-1
-1
-1
-1
-1
-1
-1
-1
-1
-1
-1
-1
-1
-1
-1
-1
-1
-1
-1
-1
-1
-1
-1
-1
-1
-1
-1
-1
-1
-1
-1
-1
-1
-1
-1
-1
-1
-1
-1
-1
-1
-1
-1
-1
-1
-1
-1
-1
-1
-1
-1
-1
-1
-1
-1
-1
-1
-1
-1
-1
-1
-1
-1
-1
-1
-1
-1
-1
-1
-1
-1
-1
-1
-1
-1
-1
-1
-1
-1
-1
-1
-1
-1
-1
-1
-1
-1
-1
-1
-1
-1
-1
-1
-1
-1
-1
-1
-1
-1
-1
-1
-1
-1
-1
-1
-1
-1
-1
-1
-1
-1
-1
-1
-1
-1
-1
-1
-1
-1
-1
-1
-1
-1
-1
-1
-1
-1
-1
-1
-1
-1
-1
-1
-1
-1
-1
-1
-1
-1
-1
-1
-1
-1
-1
-1
-1
-1
-1
-1
-1
-1
-1
-1
-1
-1
-1
-1
-1
-1
-1
-1
-1
-1
-1
-1
-1
-1
-1
-1
-1
-1
-1
-1
-1
-1
-1
-1
-1
-1
-1
-1
-1
-1
-1
-1
-1
-1
-1
-1
-1
-1
-1
-1
-1
-1
-1
-1
-1
-1
-1
-1
-1
-1
-1
-1
-1
-1
-1
-1
-1
-1
-1
-1
-1
-1
-1
-1
-1
-1
-1
-1
-1
-1
-1
-1
-1
-1
-1
-1
-1
-1
-1
-1
-1
-1
-1
-1
-1
-1
-1
-1
-1
-1
-1
-1
-1
-1
-1
-1
-1
-1
-1
-1
-1
-1
-1
-1
-1
-1
-1
-1
-1
-1
-1
-1
-1
-1
-1
-1
-1
-1
-1
-1
-1
-1
-1
-1
-1
-1
-1
-1
-1
-1
-1
-1
-1
-1
-1
-1
-1
-1
-1
-1
-1
-1
-1
-1
-1
-1
-1
-1
-1
-1
-1
-1
-1
-1
-1
-1
-1
-1
-1
-1
-1
-1
-1
-1
-1
106
91
-1
-1
-1
-1
-1
0
-1
-1
-1
81
56
-1
-1
-1
129
-1
-1
-1
140
-1
40
-1
-1
130
32
-1
-1
-1
-1
-1
-1
-1
112
47
-1
-1
23
-1
116
-1
-1
75
26
-1
96
29
-1
74
82
-1
143
115
-1
131
76
-1
141
20
108
41
150
-1
-1
-1
93
-1
132
-1
-1
-1
-1
-1
-1
104
-1
-1
-1
-1
-1
-1
-1
-1
37
-1
-1
-1
-1
-1
85
123
-1
-1
-1
-1
-1
149
33
35
-1
38
6
28
-1
-1
-1
1
-1
-1
133
-1
-1
-1
-1
52
117
-1
-1
110
-1
-1
-1
-1
-1
122
42
-1
-1
-1
58
-1
-1
-1
25
158
-1
19
-1
63
54
-1
-1
-1
-1
162
-1
-1
-1
-1
-1
161
-1
98
-1
-1
-1
69
-1
-1
-1
111
-1
2
-1
-1
-1
-1
-1
145
-1
71
-1
-1
-1
-1
-1
-1
-1
120
-1
13
88
128
-1
-1
-1
-1
-1
-1
-1
-1
24
-1
-1
-1
-1
-1
72
36
44
-1
100
-1
-1
-1
-1
151
-1
97
-1
107
-1
-1
-1
105
55
-1
146
-1
66
-1
-1
61
-1
14
-1
-1
-1
-1
-1
51
-1
-1
-1
84
-1
-1
-1
148
95
30
-1
-1
5
-1
-1
-1
-1
-1
21
-1
155
59
-1
-1
101
-1
-1
109
-1
-1
-1
-1
126
-1
-1
-1
113
34
67
-1
-1
43
-1
-1
-1
-1
-1
-1
78
77
-1
18
-1
-1
-1
-1
-1
-1
102
-1
-1
-1
-1
-1
-1
-1
60
80
-1
46
-1
-1
-1
-1
-1
9
-1
45
-1
-1
-1
-1
-1
-1
154
86
-1
-1
-1
-1
31
-1
-1
-1
-1
-1
15
-1
89
-1
-1
-1
-1
-1
144
-1
-1
-1
-1
-1
-1
-1
127
-1
-1
-1
-1
-1
-1
53
-1
-1
-1
-1
-1
-1
-1
-1
-1
159
-1
16
-1
-1
-1
163
-1
-1
-1
50
-1
-1
-1
49
103
-1
73
-1
-1
-1
22
-1
-1
-1
-1
-1
70
134
27
-1
-1
-1
114
-1
-1
124
-1
-1
138
-1
-1
-1
-1
-1
-1
119
-1
118
-1
-1
-1
-1
-1
-1
-1
-1
-1
-1
79
-1
10
-1
-1
99
87
-1
-1
-1
-1
-1
-1
83
-1
57
-1
-1
-1
-1
11
-1
147
94
-1
-1
-1
-1
-1
-1
-1
7
-1
-1
64
-1
-1
-1
-1
62
156
135
-1
-1
17
-1
136
-1
-1
-1
153
-1
-1
-1
8
-1
-1
-1
139
-1
125
-1
-1
152
-1
65
4
-1
92
12
-1
-1
157
-1
-1
-1
-1
-1
160
-1
-1
-1
-1
-1
90
68
121
142
-1
-1
-1
-1
3
137
-1
-1
39
-1
-1
-1
-1
-1
48
-1
-1
-1
-1
-1
-1
-1
-1
-1
-1
-1
-1
-1
-1
-1
-1
-1
-1
-1
-1
-1
-1
-1
-1
-1
-1
-1
-1
-1
-1
-1
-1
-1
-1
-1
-1
-1
-1
-1
-1
-1
-1
-1
-1
-1
-1
-1
-1
-1
-1
-1
-1
-1
-1
-1
-1
-1
-1
-1
-1
-1
-1
-1
-1
-1
-1
-1
-1
-1
-1
-1
-1
-1
-1
-1
-1
-1
-1
