-1
-1
-1
-1
-1
-1
-1
-1
-1
-1
-1
-1
-1
-1
-1
-1
-1
-1
-1
-1
-1
-1
-1
-1
-1
-1
-1
-1
-1
-1
-1
-1
-1
-1
-1
-1
-1
-1
-1
-1
-1
-1
-1
-1
-1
-1
-1
-1
-1
-1
-1
-1
-1
-1
-1
-1
-1
-1
-1
-1
-1
-1
-1
-1
-1
-1
-1
-1
-1
-1
-1
-1
-1
-1
-1
-1
-1
-1
-1
-1
-1
-1
-1
-1
-1
-1
-1
-1
-1
-1
-1
-1
-1
-1
-1
-1
-1
-1
-1
-1
-1
-1
-1
-1
-1
-1
-1
-1
-1
-1
-1
-1
-1
-1
-1
-1
-1
-1
-1
-1
-1
-1
-1
-1
-1
-1
-1
-1
-1
-1
-1
-1
-1
-1
-1
-1
-1
-1
-1
-1
-1
-1
-1
-1
-1
-1
-1
-1
-1
-1
-1
-1
-1
-1
-1
-1
-1
-1
-1
-1
-1
-1
-1
-1
-1
-1
-1
-1
-1
-1
-1
-1
-1
-1
-1
-1
-1
-1
-1
-1
-1
-1
-1
-1
-1
-1
-1
-1
-1
-1
-1
-1
-1
-1
-1
-1
-1
-1
-1
-1
-1
-1
-1
-1
-1
-1
-1
-1
-1
-1
-1
-1
-1
-1
-1
-1
-1
-1
-1
-1
-1
-1
-1
-1
-1
-1
-1
-1
-1
-1
-1
-1
-1
-1
-1
-1
-1
-1
-1
-1
-1
-1
-1
-1
-1
-1
-1
-1
-1
-1
-1
-1
-1
-1
-1
-1
-1
-1
-1
-1
-1
-1
-1
-1
-1
-1
-1
-1
-1
-1
-1
-1
-1
-1
-1
-1
-1
-1
-1
-1
-1
-1
-1
-1
-1
-1
-1
-1
-1
-1
-1
-1
-1
-1
-1
-1
-1
-1
-1
-1
-1
-1
-1
-1
-1
-1
-1
-1
-1
-1
-1
-1
-1
-1
-1
-1
-1
-1
-1
-1
-1
-1
-1
-1
-1
-1
-1
-1
-1
-1
-1
-1
-1
-1
-1
-1
-1
-1
-1
-1
-1
-1
-1
-1
-1
-1
-1
-1
-1
-1
-1
-1
-1
-1
-1
-1
-1
-1
-1
-1
-1
-1
-1
-1
-1
-1
-1
-1
-1
-1
-1
-1
-1
-1
-1
-1
-1
-1
-1
-1
-1
-1
-1
-1
-1
-1
-1
-1
-1
-1
-1
-1
-1
-1
-1
-1
-1
-1
119
-1
-1
97
223
354
345
322
-1
304
255
280
-1
-1
57
357
50
-1
178
323
150
-1
105
-1
183
275
-1
-1
109
65
158
177
181
205
331
-1
-1
63
305
-1
169
-1
170
68
-1
-1
154
-1
-1
113
-1
-1
199
-1
-1
91
-1
-1
116
-1
-1
-1
-1
-1
35
61
133
-1
272
-1
306
300
138
238
348
250
-1
132
242
193
73
288
26
6
84
-1
350
86
220
271
204
-1
-1
239
74
210
99
208
-1
-1
-1
340
-1
-1
-1
58
267
301
-1
246
23
-1
352
307
296
225
-1
-1
206
25
-1
76
207
297
182
152
-1
-1
214
287
196
-1
281
279
215
-1
-1
293
-1
200
-1
-1
270
100
41
184
-1
18
224
253
216
5
-1
89
-1
212
324
314
-1
153
230
276
-1
160
-1
151
273
156
226
298
-1
315
-1
241
69
256
176
257
325
101
-1
218
-1
-1
-1
108
245
9
259
145
47
14
337
-1
131
228
222
121
339
-1
-1
-1
129
-1
179
261
283
320
-1
249
-1
308
-1
269
262
127
-1
-1
134
-1
64
-1
336
144
-1
341
-1
347
0
309
353
198
-1
8
231
355
-1
236
49
77
-1
-1
-1
102
103
-1
42
294
10
78
209
-1
232
-1
-1
67
202
-1
310
115
-1
166
164
311
81
-1
82
342
62
-1
-1
-1
44
155
-1
17
32
343
29
135
141
-1
-1
338
-1
332
106
234
19
98
83
-1
263
15
72
38
289
247
13
-1
-1
229
-1
87
180
274
284
157
-1
195
-1
75
37
7
56
197
1
-1
-1
316
31
55
173
-1
186
290
327
66
295
-1
53
-1
33
146
191
39
344
-1
80
171
4
291
118
93
123
-1
117
114
292
187
51
149
-1
312
43
27
96
334
319
161
243
192
-1
2
-1
335
286
277
-1
36
188
233
-1
175
248
59
-1
-1
333
-1
110
203
326
-1
107
136
147
137
126
-1
-1
-1
48
159
148
-1
94
30
-1
52
240
-1
124
16
260
258
71
185
-1
28
-1
165
251
21
194
303
346
143
40
313
139
-1
254
-1
104
111
-1
-1
285
22
20
162
90
330
-1
356
-1
235
244
237
88
-1
34
-1
-1
130
128
112
211
252
85
302
-1
217
190
-1
95
3
122
329
-1
-1
-1
213
140
-1
317
-1
163
318
70
-1
45
351
142
-1
201
227
60
-1
24
-1
46
219
-1
168
-1
-1
125
-1
-1
221
189
-1
282
79
92
321
167
-1
174
265
266
264
11
-1
-1
-1
-1
172
12
299
54
-1
-1
328
349
-1
120
278
268
-1
-1
-1
-1
-1
-1
-1
-1
-1
-1
-1
-1
-1
-1
-1
-1
-1
-1
-1
-1
-1
-1
-1
-1
-1
-1
-1
-1
-1
-1
-1
-1
-1
-1
-1
-1
-1
-1
-1
-1
-1
-1
-1
-1
-1
-1
-1
-1
-1
-1
-1
-1
-1
-1
-1
-1
-1
-1
-1
-1
-1
-1
-1
-1
-1
-1
-1
-1
-1
-1
-1
-1
-1
-1
-1
-1
-1
-1
-1
-1
-1
