368
368
366
366
366
366
366
106
107
108
424
424
424
424
424
425
425
426
426
427
428
109
109
109
109
13
13
13
13
13
13
13
13
175
175
175
175
175
429
430
430
431
432
432
433
434
435
436
437
205
205
204
344
344
344
344
344
344
344
344
344
345
345
346
346
347
348
348
348
123
490
491
492
492
492
492
492
492
493
124
8
8
8
8
8
8
8
110
110
110
110
111
112
112
113
114
114
274
274
274
275
69
70
70
71
71
71
86
86
86
87
87
88
88
88
88
88
88
495
495
495
495
495
495
495
495
494
357
357
358
359
360
360
360
361
362
276
363
364
365
365
365
365
365
277
277
277
74
74
74
74
49
49
49
49
49
49
49
49
85
331
334
333
328
335
324
325
325
336
322
322
332
332
337
329
327
330
323
326
247
247
253
258
250
254
248
256
244
238
240
240
242
249
237
241
252
246
246
246
251
257
255
239
245
243
343
343
343
343
343
340
340
341
341
341
342
342
342
342
342
342
342
207
207
410
410
413
412
407
404
411
408
409
405
406
414
207
207
212
212
212
212
209
210
214
215
206
213
211
208
208
38
207
43
46
44
41
48
47
47
47
47
45
39
39
42
42
42
40
403
403
403
403
400
400
400
401
402
402
402
402
37
37
37
37
37
196
196
196
196
196
196
196
196
192
192
192
192
195
195
222
222
222
222
222
222
222
222
223
224
224
225
225
226
227
227
228
228
229
230
230
231
231
231
231
231
231
89
89
89
72
72
72
76
76
76
76
76
76
339
339
380
380
380
378
377
377
377
377
377
377
377
377
377
376
379
193
193
193
193
193
193
193
75
75
321
321
321
321
321
394
394
394
394
394
394
394
395
395
395
395
395
395
320
320
73
73
194
194
367
368
367
368
368
368
368
368
368
350
268
117
234
236
375
338
338
90
462
289
419
385
116
56
221
52
448
498
338
182
82
236
481
501
303
448
381
415
317
127
497
499
296
461
488
3
315
463
105
310
489
313
61
288
3
125
260
282
219
288
385
295
264
489
298
448
84
221
264
101
270
482
278
177
311
421
259
233
448
464
176
33
221
373
398
267
30
391
188
66
391
351
62
453
97
374
456
236
454
10
484
285
349
66
300
235
299
119
386
389
396
99
78
81
57
319
176
95
421
24
448
375
465
398
457
81
489
296
25
487
66
296
176
500
183
285
483
304
352
454
271
419
419
305
3
441
420
100
295
280
83
188
235
183
501
439
21
236
199
306
59
439
9
263
302
373
294
284
183
461
303
487
198
98
182
297
126
457
176
266
294
286
391
61
290
496
291
373
235
122
234
382
485
448
216
421
9
202
398
50
17
352
3
27
458
236
353
396
287
389
104
391
265
498
132
419
449
438
33
262
466
269
186
132
390
268
116
421
266
316
283
352
397
279
396
384
373
26
467
375
9
81
9
19
220
94
218
52
66
119
260
84
235
235
77
183
35
12
67
299
101
19
439
120
60
233
265
468
221
118
55
129
469
450
383
451
292
312
488
386
284
128
125
102
20
36
294
422
421
34
5
84
352
96
461
459
417
22
234
452
265
132
18
65
180
391
421
16
121
383
460
3
191
498
303
419
126
92
454
104
66
179
9
55
190
29
278
484
294
35
54
313
4
186
391
375
318
396
387
52
104
399
398
187
181
294
266
186
313
58
391
349
272
354
447
221
219
393
186
52
182
82
470
185
392
12
220
314
200
391
187
441
31
388
221
221
303
439
178
186
416
81
66
421
57
81
265
461
287
418
233
374
103
20
421
398
423
356
285
448
80
50
127
398
488
273
32
286
52
352
486
355
18
202
293
64
186
119
30
489
55
184
23
189
176
373
36
183
471
33
7
199
93
235
217
263
484
419
23
22
201
232
303
386
375
261
419
28
219
9
93
177
267
260
391
390
217
301
197
455
176
6
12
186
280
273
51
353
303
280
439
448
303
33
96
294
448
203
294
63
266
130
374
35
91
233
457
309
486
24
288
131
234
440
310
280
3
355
117
93
236
186
439
419
68
307
338
308
441
313
313
314
313
14
115
284
281
264
313
15
176
53
3
484
375
373
99
352
11
186
165
159
79
151
146
153
157
148
149
170
169
161
147
171
173
162
133
135
136
137
138
139
140
141
142
143
134
144
145
472
473
474
474
475
476
477
478
479
480
154
174
168
160
152
167
156
164
150
166
158
155
444
172
442
444
446
445
444
444
445
443
444
2
2
2
372
0
0
372
369
370
372
1
1
1
1
1
1
1
371
163
